Averaged MPJPE (upper body) for each observation length and each selected timestep:
Obs 1: [4.933207 14.725590 33.226236 41.573616 55.924961 67.066082 75.408074 80.381235]
Obs 2: [0.666627 3.956815 17.635674 27.346708 50.144022 74.003419 95.633552 109.473336]
Obs 3: [0.667665 3.966508 17.697646 27.447681 50.331848 74.254498 95.898956 109.679913]
Obs 4: [0.669840 3.981463 17.770541 27.562797 50.531263 74.517257 96.132397 109.893922]
Obs 5: [0.672412 3.997459 17.842923 27.666299 50.683102 74.642434 96.216567 109.987519]
Obs 6: [0.674446 4.009606 17.887526 27.728738 50.760307 74.685190 96.202823 109.934082]
Obs 7: [0.676620 4.020989 17.924317 27.770725 50.757526 74.612691 96.105855 109.883457]
Obs 8: [0.678403 4.030062 17.947182 27.789565 50.778442 74.683140 96.281951 110.111034]
Obs 9: [0.679936 4.036753 17.952343 27.788101 50.753689 74.640382 96.229907 110.078533]
Obs 10: [0.680921 4.039694 17.954320 27.788840 50.760881 74.654325 96.296696 110.191611]
Obs 11: [0.681219 4.040318 17.954384 27.789737 50.760604 74.660303 96.376060 110.315843]
Obs 12: [0.681225 4.040088 17.957484 27.798342 50.796418 74.834501 96.617343 110.486126]

Averaged MPJPE (lower body) for each observation length and each selected timestep:
Obs 1: [10.999330 32.673862 71.922774 88.169421 112.263018 124.570532 126.192169 122.915382]
Obs 2: [1.885691 11.182431 49.618592 76.641707 139.094299 202.145290 255.150146 285.213996]
Obs 3: [1.886639 11.197304 49.724589 76.864159 139.618456 202.786242 255.779964 285.691339]
Obs 4: [1.890336 11.221106 49.883484 77.133450 140.056013 203.243417 255.973294 285.664323]
Obs 5: [1.895288 11.258182 50.084107 77.422809 140.425107 203.356025 255.705636 285.143104]
Obs 6: [1.902020 11.302987 50.266235 77.672855 140.634543 203.389625 255.357604 284.499550]
Obs 7: [1.910036 11.348104 50.418783 77.822210 140.687739 203.073042 254.825784 283.814749]
Obs 8: [1.917258 11.385532 50.484360 77.879420 140.512960 202.754913 254.340606 283.267365]
Obs 9: [1.922191 11.400574 50.469804 77.754912 140.158061 202.134192 253.523847 282.379195]
Obs 10: [1.923123 11.399035 50.342572 77.540360 139.737549 201.503648 252.896390 281.780874]
Obs 11: [1.921694 11.375209 50.198550 77.314112 139.330111 201.095769 252.597424 281.591831]
Obs 12: [1.916728 11.343154 50.065082 77.105263 139.081522 201.075510 252.787460 281.789833]

