Averaged MPJPE (upper body) for each observation length and each selected timestep:
Obs 1: [11.613963 18.627260 40.448359 47.018649 58.818928 65.663453 82.408514 79.221199]
Obs 2: [20.279338 37.164487 80.586103 100.833925 129.644260 140.839203 148.433410 144.515679]
Obs 3: [19.993299 34.010924 70.057251 86.636289 110.965919 120.048441 129.740061 126.753872]
Obs 4: [12.194784 16.243144 35.083830 43.165848 58.248834 69.274824 84.765058 86.510035]
Obs 5: [16.411087 32.512408 82.341997 103.967046 134.448462 147.698264 155.803097 152.360391]
Obs 6: [13.941465 25.954558 63.495977 80.816267 108.277454 120.757766 132.275306 128.010221]
Obs 7: [10.178046 13.548344 29.048792 36.232099 52.461959 63.676569 82.709587 82.065057]
Obs 8: [11.805178 13.983744 29.704649 33.918187 41.513423 48.159145 65.009871 66.833480]
Obs 9: [11.593939 15.247922 37.352666 45.448120 59.949141 70.813940 86.406537 88.921589]
Obs 10: [10.025109 11.513702 27.419832 32.708995 42.796590 51.334233 69.158049 71.059314]
Obs 11: [9.424354 9.207627 19.741327 22.367386 27.711672 34.139796 54.715792 56.075565]
Obs 12: [9.503485 8.587296 16.375253 17.668424 21.046126 27.157394 49.858132 50.788599]

Averaged MPJPE (lower body) for each observation length and each selected timestep:
Obs 1: [65.963638 33.468161 75.281963 91.214107 167.717339 118.263954 120.664821 131.592620]
Obs 2: [66.229852 59.314754 168.904385 213.952426 300.155374 263.326821 228.870059 218.064136]
Obs 3: [66.940793 56.502126 147.036654 183.669505 259.199867 206.795384 200.225545 206.175607]
Obs 4: [64.662681 20.510923 71.633618 93.151366 175.949429 148.610461 155.806861 165.409139]
Obs 5: [65.115150 50.444871 160.583160 204.019376 289.927390 274.399224 228.636376 214.848978]
Obs 6: [61.893423 38.444789 119.807406 151.655661 229.048690 195.767566 171.148809 175.456975]
Obs 7: [61.568162 15.686681 50.057862 65.033272 150.491337 110.594105 118.867352 134.551459]
Obs 8: [64.624558 15.793816 52.005289 66.441055 148.672010 102.786662 110.854222 123.005056]
Obs 9: [65.530856 19.418224 67.523844 89.375518 176.702454 148.636109 136.114456 142.196651]
Obs 10: [63.768451 11.772171 45.015160 59.659622 145.112127 100.048190 111.158745 124.168167]
Obs 11: [63.096370 6.551998 27.112265 35.108842 123.030482 60.611225 94.479554 113.240340]
Obs 12: [63.220961 4.776194 18.957088 23.672127 115.237255 46.588407 90.256242 111.196157]

