Averaged MPJPE (upper body) for each observation length and each selected timestep:
Obs 1: [511.189285 511.188599 511.226656 511.254790 511.308292 511.356193 511.368176 511.346945]
Obs 2: [511.186957 511.193800 511.240780 511.268315 511.321259 511.364471 511.362661 511.338084]
Obs 3: [511.188599 511.202241 511.254790 511.281755 511.333767 511.369550 511.355180 511.328443]
Obs 4: [511.193800 511.213473 511.268315 511.295160 511.345558 511.370795 511.346945 511.317265]
Obs 5: [511.202241 511.226656 511.281755 511.308292 511.356193 511.368176 511.338084 511.303524]
Obs 6: [511.213473 511.240780 511.295160 511.321259 511.364471 511.362661 511.328443 511.287542]
Obs 7: [511.226656 511.254790 511.308292 511.333767 511.369550 511.355180 511.317265 511.269416]
Obs 8: [511.240780 511.268315 511.321259 511.345558 511.370795 511.346945 511.303524 511.249238]
Obs 9: [511.254790 511.281755 511.333767 511.356193 511.368176 511.338084 511.287542 511.227297]
Obs 10: [511.268315 511.295160 511.345558 511.364471 511.362661 511.328443 511.269416 511.204150]
Obs 11: [511.281755 511.308292 511.356193 511.369550 511.355180 511.317265 511.249238 511.180529]
Obs 12: [511.295160 511.321259 511.364471 511.370795 511.346945 511.303524 511.227297 511.157443]

Averaged MPJPE (lower body) for each observation length and each selected timestep:
Obs 1: [464.184220 464.214800 464.262530 464.200515 463.925221 463.654973 463.512543 463.470843]
Obs 2: [464.195206 464.237784 464.240335 464.144488 463.849373 463.606634 463.495146 463.458053]
Obs 3: [464.214800 464.257176 464.200515 464.076611 463.777855 463.567541 463.482556 463.442188]
Obs 4: [464.237784 464.267053 464.144488 464.001911 463.712708 463.536117 463.470843 463.419299]
Obs 5: [464.257176 464.262530 464.076611 463.925221 463.654973 463.512543 463.458053 463.386411]
Obs 6: [464.267053 464.240335 464.001911 463.849373 463.606634 463.495146 463.442188 463.341377]
Obs 7: [464.262530 464.200515 463.925221 463.777855 463.567541 463.482556 463.419299 463.283614]
Obs 8: [464.240335 464.144488 463.849373 463.712708 463.536117 463.470843 463.386411 463.214345]
Obs 9: [464.200515 464.076611 463.777855 463.654973 463.512543 463.458053 463.341377 463.134088]
Obs 10: [464.144488 464.001911 463.712708 463.606634 463.495146 463.442188 463.283614 463.046766]
Obs 11: [464.076611 463.925221 463.654973 463.567541 463.482556 463.419299 463.214345 462.956711]
Obs 12: [464.001911 463.849373 463.606634 463.536117 463.470843 463.386411 463.134088 462.868130]

