Averaged MPJPE (upper body) for each observation length and each selected timestep:
Obs 1: [5.004459 15.775381 40.974890 55.486285 88.422815 126.845805 171.070484 207.979024]
Obs 2: [1.001989 5.980425 27.220239 42.883571 82.139597 128.680766 179.086444 218.111872]
Obs 3: [1.004658 5.996279 27.293136 43.000686 82.367046 129.035525 179.562851 218.691124]
Obs 4: [1.006963 6.009774 27.353187 43.094059 82.542536 129.333111 179.984214 219.160206]
Obs 5: [1.006378 6.005874 27.328765 43.048777 82.444746 129.148164 179.711268 218.915208]
Obs 6: [1.003359 5.986897 27.230931 42.887627 82.101623 128.547954 178.839043 217.823273]
Obs 7: [1.003371 5.986567 27.229019 42.885123 82.095521 128.552582 178.837127 217.755060]
Obs 8: [1.004784 5.994961 27.265349 42.939575 82.196167 128.728915 179.098266 218.060472]
Obs 9: [1.006934 6.007391 27.317433 43.019604 82.348295 128.968427 179.479063 218.567729]
Obs 10: [1.009074 6.019339 27.362753 43.085488 82.454479 129.103670 179.630544 218.741240]
Obs 11: [1.010091 6.024440 27.383502 43.115534 82.497723 129.161185 179.687940 218.805864]
Obs 12: [1.010235 6.025271 27.383619 43.112544 82.488081 129.135314 179.630114 218.706414]
Obs 13: [1.010601 6.026798 27.386682 43.118018 82.508762 129.174347 179.661148 218.720082]
Obs 14: [1.011170 6.029705 27.402183 43.147319 82.576406 129.280778 179.823266 218.947282]
Obs 15: [1.011732 6.033436 27.429317 43.199016 82.712113 129.556973 180.232807 219.330625]
Obs 16: [1.012072 6.036103 27.443740 43.216091 82.704235 129.494695 180.160603 219.361742]

Averaged MPJPE (lower body) for each observation length and each selected timestep:
Obs 1: [10.954705 32.855177 74.678753 93.671123 126.762296 154.457633 180.971527 203.993085]
Obs 2: [2.032377 12.068656 53.702439 83.116571 151.689135 222.751078 286.362049 326.334234]
Obs 3: [2.034289 12.077799 53.718659 83.131937 151.745198 222.852527 286.317650 326.221959]
Obs 4: [2.037143 12.091893 53.769252 83.231454 151.996309 223.107539 286.360656 326.070813]
Obs 5: [2.042612 12.122888 53.931552 83.494946 152.345207 223.350838 286.493894 326.300956]
Obs 6: [2.046283 12.148352 54.058239 83.652341 152.498423 223.425111 286.604278 326.466301]
Obs 7: [2.049896 12.171279 54.108706 83.688726 152.450514 223.382684 286.551770 326.410638]
Obs 8: [2.052164 12.178661 54.087859 83.629691 152.357495 223.217755 286.335191 326.060492]
Obs 9: [2.052519 12.175140 54.049589 83.574545 152.198923 222.962600 286.016103 325.844683]
Obs 10: [2.052120 12.169950 54.028469 83.534689 152.163025 222.947208 286.076676 325.974120]
Obs 11: [2.050784 12.162078 53.978986 83.463593 152.031090 222.739969 285.932172 325.934638]
Obs 12: [2.048679 12.147482 53.918013 83.372556 151.856175 222.542956 285.694267 325.714905]
Obs 13: [2.046957 12.137234 53.879473 83.298271 151.730411 222.365907 285.589801 325.668268]
Obs 14: [2.045760 12.131746 53.837754 83.237997 151.627395 222.379110 285.710113 325.815977]
Obs 15: [2.044962 12.123892 53.801143 83.177001 151.595348 222.457215 285.947271 326.117412]
Obs 16: [2.043120 12.113067 53.758710 83.134388 151.567505 222.406575 285.892989 326.196436]

