Averaged MPJPE (upper body) for each observation length and each selected timestep:
Obs 1: [511.286017 511.305050 511.326572 511.337224 511.377263 511.416903 511.409639 511.373998]
Obs 2: [511.296813 511.311511 511.331705 511.343700 511.390558 511.419058 511.400881 511.356311]
Obs 3: [511.305050 511.316845 511.337224 511.352492 511.402294 511.418390 511.389023 511.336553]
Obs 4: [511.311511 511.321679 511.343700 511.364101 511.411291 511.415407 511.373998 511.315301]
Obs 5: [511.316845 511.326572 511.352492 511.377263 511.416903 511.409639 511.356311 511.292769]
Obs 6: [511.321679 511.331705 511.364101 511.390558 511.419058 511.400881 511.336553 511.269874]
Obs 7: [511.326572 511.337224 511.377263 511.402294 511.418390 511.389023 511.315301 511.248426]
Obs 8: [511.331705 511.343700 511.390558 511.411291 511.415407 511.373998 511.292769 511.230109]
Obs 9: [511.337224 511.352492 511.402294 511.416903 511.409639 511.356311 511.269874 511.215184]
Obs 10: [511.343700 511.364101 511.411291 511.419058 511.400881 511.336553 511.248426 511.203463]
Obs 11: [511.352492 511.377263 511.416903 511.418390 511.389023 511.315301 511.230109 511.194788]
Obs 12: [511.364101 511.390558 511.419058 511.415407 511.373998 511.292769 511.215184 511.189194]
Obs 13: [511.377263 511.402294 511.418390 511.409639 511.356311 511.269874 511.203463 511.187042]
Obs 14: [511.390558 511.411291 511.415407 511.400881 511.336553 511.248426 511.194788 511.188267]
Obs 15: [511.402294 511.416903 511.409639 511.389023 511.315301 511.230109 511.189194 511.191856]
Obs 16: [511.411291 511.419058 511.400881 511.373998 511.292769 511.215184 511.187042 511.195582]

Averaged MPJPE (lower body) for each observation length and each selected timestep:
Obs 1: [464.148060 464.162084 464.214704 464.214774 464.094083 463.816746 463.504733 463.330621]
Obs 2: [464.152709 464.175201 464.218645 464.201785 464.036631 463.736291 463.439143 463.286074]
Obs 3: [464.162084 464.189774 464.214774 464.177546 463.970112 463.655180 463.381235 463.246799]
Obs 4: [464.175201 464.203765 464.201785 464.141722 463.895532 463.577054 463.330621 463.210225]
Obs 5: [464.189774 464.214704 464.177546 464.094083 463.816746 463.504733 463.286074 463.173141]
Obs 6: [464.203765 464.218645 464.141722 464.036631 463.736291 463.439143 463.246799 463.134342]
Obs 7: [464.214704 464.214774 464.094083 463.970112 463.655180 463.381235 463.210225 463.094431]
Obs 8: [464.218645 464.201785 464.036631 463.895532 463.577054 463.330621 463.173141 463.054467]
Obs 9: [464.214774 464.177546 463.970112 463.816746 463.504733 463.286074 463.134342 463.015462]
Obs 10: [464.201785 464.141722 463.895532 463.736291 463.439143 463.246799 463.094431 462.976226]
Obs 11: [464.177546 464.094083 463.816746 463.655180 463.381235 463.210225 463.054467 462.936187]
Obs 12: [464.141722 464.036631 463.736291 463.577054 463.330621 463.173141 463.015462 462.895418]
Obs 13: [464.094083 463.970112 463.655180 463.504733 463.286074 463.134342 462.976226 462.854169]
Obs 14: [464.036631 463.895532 463.577054 463.439143 463.246799 463.094431 462.936187 462.812031]
Obs 15: [463.970112 463.816746 463.504733 463.381235 463.210225 463.054467 462.895418 462.769709]
Obs 16: [463.895532 463.736291 463.439143 463.330621 463.173141 463.015462 462.854169 462.727171]

