Averaged MPJPE (upper body) for each observation length and each selected timestep:
Obs 1: [11.451724 20.277764 36.685746 42.765265 54.771612 72.579209 74.346048 79.615464]
Obs 2: [10.752168 13.253765 32.542653 44.731490 66.895598 86.110255 88.758966 94.790566]
Obs 3: [11.214819 17.786030 47.899183 62.304685 82.835865 96.795619 98.186250 108.254783]
Obs 4: [10.890901 18.599578 49.952715 64.357566 85.297752 98.932871 98.899302 106.977807]
Obs 5: [9.917123 15.349664 33.796141 42.814914 59.685936 76.197189 77.801122 84.423785]
Obs 6: [10.356298 12.373453 21.923893 30.299135 47.860989 69.830999 76.853453 85.743625]
Obs 7: [10.410176 14.453186 32.068785 43.902292 65.407268 87.177318 94.490383 102.726556]
Obs 8: [10.249838 14.831526 32.702489 44.389175 65.460719 87.037166 94.631572 103.092279]
Obs 9: [10.016047 13.985396 29.320117 39.591356 58.954745 80.380814 88.072291 96.712518]
Obs 10: [9.883480 13.458789 27.029239 36.281116 54.234922 75.457812 83.161581 91.886618]
Obs 11: [9.783138 12.029751 20.520831 26.370730 40.780318 62.025835 67.243831 74.933925]
Obs 12: [10.740528 15.558924 39.664487 53.100082 77.913083 100.038533 105.019255 109.892876]
Obs 13: [10.764500 15.483988 38.703119 51.778399 76.631831 99.015520 104.154739 109.233995]
Obs 14: [10.447282 14.608973 35.116392 47.065006 70.640765 93.307152 98.793894 104.495539]
Obs 15: [9.886873 12.775218 25.846569 34.127369 53.324604 76.267998 82.429848 89.748375]
Obs 16: [9.346870 11.186450 13.578588 15.137543 23.615951 45.168137 49.507093 59.047889]
Obs 17: [9.306312 11.688644 18.883873 24.183381 38.090395 60.558293 66.700085 75.238470]
Obs 18: [9.341031 12.139760 22.403909 29.739888 46.665550 69.511247 75.956667 83.888082]
Obs 19: [9.331164 11.642031 17.970898 22.869579 36.521409 59.423086 65.716542 74.395375]
Obs 20: [9.377068 11.100615 11.595852 11.675107 18.071926 40.658534 44.677993 54.890291]

Averaged MPJPE (lower body) for each observation length and each selected timestep:
Obs 1: [51.512634 64.407344 98.567268 133.325098 132.811948 126.311818 147.538616 155.043712]
Obs 2: [51.087120 52.795993 101.357302 143.194102 164.413178 156.025135 150.368159 153.511050]
Obs 3: [51.662366 61.776721 134.846505 176.191424 190.423445 155.281591 145.807345 182.017964]
Obs 4: [51.078174 63.345201 138.131266 180.528098 197.845382 166.520183 146.314741 174.179503]
Obs 5: [50.231137 56.780165 103.093408 139.363629 151.782643 142.094048 143.379149 150.587254]
Obs 6: [51.114699 50.788403 75.516656 106.616338 114.112279 119.605167 148.352711 164.278949]
Obs 7: [51.264015 52.501066 89.765126 125.588824 139.330287 143.580515 166.836826 179.985574]
Obs 8: [51.053653 53.099998 90.992877 126.589888 139.622236 143.304864 167.346220 181.222239]
Obs 9: [50.607853 52.262791 85.484177 119.204307 129.245203 133.415364 160.409822 175.118335]
Obs 10: [50.296080 51.775386 81.918801 114.172711 121.943472 126.555030 155.737730 171.124281]
Obs 11: [49.734066 50.285197 72.701236 102.392836 105.954681 109.306104 136.857264 147.353070]
Obs 12: [50.647585 54.525309 103.887504 148.003543 169.447748 169.573427 176.367919 174.075214]
Obs 13: [50.819510 54.347420 102.207126 145.712845 167.339281 167.962476 175.868734 173.660087]
Obs 14: [50.450039 53.196418 95.239644 136.460505 155.049064 156.723284 168.491216 168.657470]
Obs 15: [49.829496 50.958408 79.091110 113.701315 124.063536 127.912172 150.118515 156.075748]
Obs 16: [49.559984 49.296145 62.153269 84.264598 75.772737 73.778892 108.974370 129.876108]
Obs 17: [49.835558 49.814433 68.234573 96.397094 95.741305 98.009940 130.436629 145.179664]
Obs 18: [49.993094 50.265751 73.396312 105.348025 110.213714 114.017093 142.165620 153.019742]
Obs 19: [49.888411 49.737449 66.361616 93.493353 91.578885 93.936946 128.044379 143.901736]
Obs 20: [49.677595 49.323802 59.098590 75.987143 62.361642 60.605085 100.961593 126.056134]

