Averaged MPJPE (upper body) for each observation length and each selected timestep:
Obs 1: [4.870001 14.520737 32.655226 40.775991 54.586259 64.976819 72.235117 76.240821]
Obs 2: [0.662898 3.940399 17.582024 27.258043 49.912846 73.567910 94.925714 108.470175]
Obs 3: [0.664919 3.952717 17.632730 27.331818 50.081502 73.827222 95.225297 108.793955]
Obs 4: [0.667040 3.964867 17.685375 27.424886 50.267463 74.045397 95.433322 109.007469]
Obs 5: [0.669076 3.976729 17.752867 27.536019 50.435931 74.182272 95.505693 109.020931]
Obs 6: [0.671115 3.990586 17.822246 27.634638 50.550208 74.293502 95.609921 109.126310]
Obs 7: [0.673557 4.006158 17.879328 27.700547 50.601433 74.283513 95.547790 109.102073]
Obs 8: [0.676186 4.020210 17.913857 27.734963 50.599196 74.234030 95.552502 109.167251]
Obs 9: [0.678338 4.029536 17.926965 27.733487 50.536833 74.171420 95.500722 109.100292]
Obs 10: [0.679616 4.034154 17.920731 27.703962 50.496978 74.152552 95.513351 109.172764]
Obs 11: [0.680062 4.033816 17.896002 27.672922 50.464605 74.111456 95.555866 109.245423]
Obs 12: [0.679789 4.029176 17.880684 27.656146 50.435605 74.170679 95.703300 109.423528]
Obs 13: [0.679094 4.026006 17.871052 27.633840 50.429007 74.205154 95.773992 109.498387]
Obs 14: [0.678764 4.024498 17.858099 27.626221 50.459868 74.287677 95.821296 109.547589]
Obs 15: [0.678551 4.021955 17.859394 27.641566 50.553458 74.465557 96.171712 109.973665]
Obs 16: [0.678114 4.020978 17.874182 27.684810 50.657718 74.674686 96.437551 110.201009]
Obs 17: [0.678091 4.022650 17.903542 27.734963 50.780020 74.856925 96.514391 110.248193]
Obs 18: [0.678447 4.027492 17.935952 27.797021 50.937522 74.998211 96.643286 110.344590]
Obs 19: [0.679376 4.034099 17.982670 27.884980 51.049515 75.117000 96.789829 110.503716]
Obs 20: [0.680543 4.043045 18.038255 27.952510 51.101769 75.128645 96.725636 110.353010]

Averaged MPJPE (lower body) for each observation length and each selected timestep:
Obs 1: [10.928460 32.494971 71.601776 87.816016 111.376846 122.595808 122.581884 117.454003]
Obs 2: [1.881740 11.155317 49.399168 76.212049 137.827180 199.438379 250.891092 279.985379]
Obs 3: [1.882389 11.162371 49.451460 76.310122 138.073624 200.018182 251.983942 281.261082]
Obs 4: [1.883624 11.171487 49.516260 76.432156 138.454129 200.796304 252.847743 281.882445]
Obs 5: [1.885955 11.188068 49.621109 76.643646 139.013805 201.619284 253.464196 282.149100]
Obs 6: [1.888846 11.208895 49.781593 76.946678 139.619930 202.179116 253.630399 282.115613]
Obs 7: [1.892605 11.239038 49.985601 77.262830 140.021706 202.220988 253.338225 281.541055]
Obs 8: [1.898372 11.281716 50.174756 77.510406 140.058241 201.947865 252.671549 280.649098]
Obs 9: [1.905982 11.324788 50.300413 77.570486 139.874193 201.412858 251.895207 279.908784]
Obs 10: [1.912579 11.357649 50.287691 77.487576 139.541064 200.769946 251.179524 279.329909]
Obs 11: [1.917038 11.364176 50.214760 77.322344 139.132458 200.241710 250.791648 279.005294]
Obs 12: [1.916316 11.350236 50.091867 77.102626 138.724437 199.914597 250.493995 278.842756]
Obs 13: [1.913225 11.324016 49.941517 76.862603 138.442300 199.572765 250.307759 278.772954]
Obs 14: [1.908485 11.292282 49.791712 76.685010 138.213431 199.494749 250.533425 279.135972]
Obs 15: [1.902936 11.257892 49.692464 76.544926 138.134513 199.725052 250.979369 279.624445]
Obs 16: [1.897311 11.231393 49.612280 76.481623 138.268365 200.034872 251.315279 279.945604]
Obs 17: [1.893474 11.211549 49.593474 76.535178 138.527816 200.457421 251.850265 280.644090]
Obs 18: [1.890526 11.202609 49.664235 76.686091 138.867768 200.940233 252.495940 281.366796]
Obs 19: [1.889921 11.212901 49.777285 76.886711 139.221605 201.450845 253.001178 281.881879]
Obs 20: [1.892868 11.237657 49.918468 77.092575 139.592631 201.761971 253.343535 282.145933]

