Averaged MPJPE (upper body) for each observation length and each selected timestep:
Obs 1: [511.008765 511.046078 511.147078 511.198638 511.279318 511.331777 511.384440 511.416638]
Obs 2: [511.025698 511.068935 511.173411 511.222068 511.294313 511.343598 511.398011 511.419900]
Obs 3: [511.046078 511.094114 511.198638 511.243343 511.307610 511.356170 511.409058 511.417802]
Obs 4: [511.068935 511.120464 511.222068 511.262370 511.319909 511.369907 511.416638 511.409682]
Obs 5: [511.094114 511.147078 511.243343 511.279318 511.331777 511.384440 511.419900 511.395371]
Obs 6: [511.120464 511.173411 511.262370 511.294313 511.343598 511.398011 511.417802 511.375015]
Obs 7: [511.147078 511.198638 511.279318 511.307610 511.356170 511.409058 511.409682 511.349176]
Obs 8: [511.173411 511.222068 511.294313 511.319909 511.369907 511.416638 511.395371 511.318594]
Obs 9: [511.198638 511.243343 511.307610 511.331777 511.384440 511.419900 511.375015 511.284344]
Obs 10: [511.222068 511.262370 511.319909 511.343598 511.398011 511.417802 511.349176 511.247713]
Obs 11: [511.243343 511.279318 511.331777 511.356170 511.409058 511.409682 511.318594 511.209781]
Obs 12: [511.262370 511.294313 511.343598 511.369907 511.416638 511.395371 511.284344 511.171705]
Obs 13: [511.279318 511.307610 511.356170 511.384440 511.419900 511.375015 511.247713 511.134571]
Obs 14: [511.294313 511.319909 511.369907 511.398011 511.417802 511.349176 511.209781 511.100120]
Obs 15: [511.307610 511.331777 511.384440 511.409058 511.409682 511.318594 511.171705 511.069109]
Obs 16: [511.319909 511.343598 511.398011 511.416638 511.395371 511.284344 511.134571 511.040775]
Obs 17: [511.331777 511.356170 511.409058 511.419900 511.375015 511.247713 511.100120 511.015167]
Obs 18: [511.343598 511.369907 511.416638 511.417802 511.349176 511.209781 511.069109 510.993054]
Obs 19: [511.356170 511.384440 511.419900 511.409682 511.318594 511.171705 511.040775 510.974963]
Obs 20: [511.369907 511.398011 511.417802 511.395371 511.284344 511.134571 511.015167 510.960976]

Averaged MPJPE (lower body) for each observation length and each selected timestep:
Obs 1: [464.747304 464.726434 464.696406 464.632027 464.320415 463.898884 463.572465 463.393433]
Obs 2: [464.734824 464.721945 464.671365 464.577040 464.215119 463.805067 463.508638 463.339780]
Obs 3: [464.726434 464.717983 464.632027 464.505631 464.107806 463.719674 463.449683 463.289731]
Obs 4: [464.721945 464.710684 464.577040 464.419071 464.000726 463.642392 463.393433 463.245092]
Obs 5: [464.717983 464.696406 464.505631 464.320415 463.898884 463.572465 463.339780 463.205048]
Obs 6: [464.710684 464.671365 464.419071 464.215119 463.805067 463.508638 463.289731 463.171002]
Obs 7: [464.696406 464.632027 464.320415 464.107806 463.719674 463.449683 463.245092 463.145847]
Obs 8: [464.671365 464.577040 464.215119 464.000726 463.642392 463.393433 463.205048 463.131047]
Obs 9: [464.632027 464.505631 464.107806 463.898884 463.572465 463.339780 463.171002 463.127213]
Obs 10: [464.577040 464.419071 464.000726 463.805067 463.508638 463.289731 463.145847 463.133822]
Obs 11: [464.505631 464.320415 463.898884 463.719674 463.449683 463.245092 463.131047 463.148633]
Obs 12: [464.419071 464.215119 463.805067 463.642392 463.393433 463.205048 463.127213 463.167484]
Obs 13: [464.320415 464.107806 463.719674 463.572465 463.339780 463.171002 463.133822 463.186299]
Obs 14: [464.215119 464.000726 463.642392 463.508638 463.289731 463.145847 463.148633 463.201822]
Obs 15: [464.107806 463.898884 463.572465 463.449683 463.245092 463.131047 463.167484 463.212619]
Obs 16: [464.000726 463.805067 463.508638 463.393433 463.205048 463.127213 463.186299 463.217336]
Obs 17: [463.898884 463.719674 463.449683 463.339780 463.171002 463.133822 463.201822 463.214589]
Obs 18: [463.805067 463.642392 463.393433 463.289731 463.145847 463.148633 463.212619 463.201747]
Obs 19: [463.719674 463.572465 463.339780 463.245092 463.131047 463.167484 463.217336 463.176241]
Obs 20: [463.642392 463.508638 463.289731 463.205048 463.127213 463.186299 463.214589 463.136635]

