Averaged MPJPE (upper body) for each observation length and each selected timestep:
Obs 1: [13.843567 15.370602 37.366201 43.122630 57.401819 65.501960 73.576390 75.348416]
Obs 2: [14.770668 10.061482 36.735936 49.761112 73.796521 86.742101 91.066688 91.304915]
Obs 3: [15.250810 17.004174 54.178630 71.174178 95.864498 106.674410 107.925866 106.892705]
Obs 4: [14.234323 17.938984 55.778168 72.014281 95.641365 106.757212 108.794530 107.552334]
Obs 5: [13.173201 9.615429 31.176250 36.864507 51.551338 60.297932 67.256779 69.851270]
Obs 6: [15.186956 11.467816 30.410945 38.922243 57.203805 67.622444 77.443190 82.057417]
Obs 7: [16.319900 15.445983 39.852355 51.809076 72.309571 81.745416 89.794087 93.951440]
Obs 8: [15.450868 14.266408 37.915346 48.894323 67.992690 77.194700 85.814518 90.360086]
Obs 9: [13.738011 10.478749 30.661838 38.282661 54.353493 63.559671 73.799217 78.889918]
Obs 10: [12.384160 5.104690 18.414224 19.655644 31.547988 40.720360 52.711681 58.011763]
Obs 11: [12.467671 5.214626 21.903162 26.467397 44.817438 59.441728 71.824885 76.458966]
Obs 12: [12.761600 6.573183 26.168024 33.418974 54.671637 70.448044 82.085332 85.822997]
Obs 13: [12.658392 6.307226 25.150355 31.642159 51.876732 66.904990 78.448984 82.261303]
Obs 14: [12.307897 4.876432 20.280691 23.441793 39.508120 52.152190 64.096537 68.644751]
Obs 15: [12.090210 3.744311 15.460145 14.718718 25.285108 34.244424 46.553162 52.025913]
Obs 16: [12.091417 3.600127 14.519650 13.119779 22.764851 30.997439 43.900187 49.656515]

Averaged MPJPE (lower body) for each observation length and each selected timestep:
Obs 1: [12.267422 32.942023 98.146496 112.429273 108.038578 136.843242 160.765922 109.414125]
Obs 2: [12.463420 13.469036 93.985379 128.060198 155.184899 186.943947 180.126575 116.802080]
Obs 3: [12.982418 25.822512 128.461794 170.236950 198.913614 219.608120 197.092054 132.634088]
Obs 4: [10.074433 31.847303 133.028303 173.083600 200.376650 221.690533 204.919602 140.463656]
Obs 5: [7.479983 17.883661 83.673666 103.309591 105.138741 134.698732 150.449298 99.491160]
Obs 6: [11.070543 12.770582 77.407341 98.079753 102.415833 133.896833 156.817679 124.368141]
Obs 7: [13.738937 17.431197 93.030102 118.609154 126.823689 150.842493 169.574970 142.842739]
Obs 8: [11.663087 17.212676 90.087607 113.564932 117.797197 142.346471 167.057122 142.593961]
Obs 9: [8.106015 14.501177 78.591816 96.297158 92.464145 122.474999 157.069586 130.378373]
Obs 10: [5.618764 7.529024 59.658965 69.707726 56.172714 98.534405 139.202873 101.494280]
Obs 11: [5.671365 7.290554 63.905237 78.519064 80.810287 126.871304 161.834922 117.283817]
Obs 12: [6.300550 9.344034 70.858783 89.751896 100.609540 145.388356 173.992136 125.984051]
Obs 13: [6.134875 8.918331 69.057363 86.668942 94.445284 138.197000 167.037449 118.492826]
Obs 14: [5.252857 6.698982 60.867889 73.066223 68.363667 111.374097 144.982722 96.749301]
Obs 15: [4.563346 4.390024 53.420259 59.878845 38.939987 82.005175 119.932335 72.134951]
Obs 16: [4.455804 3.926123 52.182758 57.633097 33.595264 79.169386 118.398333 72.489860]

