
Averaged MPJPE (upper body) for each observation length and each selected timestep:
Obs 1: [4.758834 14.135352 31.728087 39.671286 53.167103 63.075011 69.892731 73.535081]
Obs 2: [5.326988 8.963861 41.701942 53.941223 121.813592 128.435942 124.565479 150.286893]
Obs 3: [9.017839 12.411337 56.368394 69.339393 139.295822 150.875581 145.774408 173.761800]
Obs 4: [4.729898 10.700903 45.702044 61.950495 94.922500 112.566387 113.477002 111.908940]
Obs 5: [6.973534 7.454502 20.036082 23.971709 46.204230 58.187889 68.405171 75.749587]
Obs 6: [12.702230 7.092422 20.785689 27.461283 49.898528 64.668635 74.710719 85.165678]
Obs 7: [10.847901 8.880122 27.838073 36.580160 62.844088 78.571319 88.440487 97.354969]
Obs 8: [8.394336 8.501626 23.305620 29.008563 42.655211 56.289674 64.360045 71.980045]
Obs 9: [10.782164 6.415078 14.465867 21.122373 33.895782 46.998182 57.193306 64.011756]
Obs 10: [9.858232 6.842618 15.594023 22.682529 35.138501 48.744671 57.448819 63.081436]
Obs 11: [10.882449 6.755613 16.387313 23.376173 41.832935 55.208713 62.736090 69.595358]
Obs 12: [5.186910 5.258681 19.692333 28.326493 54.390076 65.588413 75.147056 83.089502]
Obs 13: [3.055607 3.090524 10.917334 16.060162 29.894485 43.481672 54.036039 62.801826]
Obs 14: [10.406782 5.560263 10.274389 14.772988 26.281011 38.901576 50.156932 58.925960]
Obs 15: [9.019679 5.027785 10.269165 14.722260 27.327901 40.709032 51.517821 59.749483]
Obs 16: [3.123921 3.102776 7.875447 11.532836 24.289786 37.861089 49.263074 56.019065]
Obs 17: [0.777386 1.652650 5.199238 7.855396 17.331097 28.780336 39.704908 46.466451]
Obs 18: [1.155366 2.323176 7.093612 11.361850 23.714421 38.126592 49.734540 56.109679]
Obs 19: [1.455112 2.804754 7.733406 12.206078 24.990716 39.659257 51.088164 57.414104]
Obs 20: [1.215889 2.368396 6.755654 10.634205 22.598738 36.646158 48.492692 55.061543]
Obs 21: [0.862023 1.934920 5.702753 8.407799 17.632862 28.762111 39.993715 47.135696]
Obs 22: [0.779891 1.947892 8.001062 13.014129 25.931096 39.678033 52.544346 60.608340]
Obs 23: [0.841963 1.936133 7.867849 12.899801 25.861537 39.517331 51.947238 59.848702]
Obs 24: [0.773906 1.745839 6.564596 10.600574 21.716292 33.935309 45.885335 53.732290]
Obs 25: [0.685041 1.450419 4.317026 6.578725 14.146633 23.706715 34.341965 41.895917]

Averaged MPJPE (lower body) for each observation length and each selected timestep:
Obs 1: [10.912480 32.127520 70.147516 85.931838 109.390260 120.784490 121.048505 115.715510]
Obs 2: [7.753700 19.375041 91.575412 126.943216 281.687745 287.928882 257.537258 306.375769]
Obs 3: [15.954792 30.804402 134.314466 170.797439 316.568782 332.001092 309.305363 355.556354]
Obs 4: [11.578963 25.341971 119.820146 158.142835 236.176768 252.771010 239.136240 218.478151]
Obs 5: [14.444973 17.241492 51.971382 58.111026 106.983585 108.560433 114.561926 123.570656]
Obs 6: [29.695885 15.282747 42.998530 53.017727 96.076827 108.566137 123.329576 147.329706]
Obs 7: [24.616338 17.003763 57.067016 72.471279 120.968993 134.795645 141.276152 152.322944]
Obs 8: [18.879677 20.801943 56.126472 63.218313 77.028990 95.752994 102.901584 129.694290]
Obs 9: [24.827697 18.134421 33.781300 48.613674 78.466623 106.507366 128.681668 139.600232]
Obs 10: [23.397035 15.820848 39.938645 56.863200 81.584732 105.473403 112.065551 109.502517]
Obs 11: [25.473275 15.240885 37.330465 51.523326 84.900402 107.131622 109.880013 110.912033]
Obs 12: [9.777659 11.425195 39.993122 57.953135 96.382217 113.439163 117.211000 120.304593]
Obs 13: [6.191170 8.270697 27.192551 39.960627 68.784340 89.477775 99.757547 108.501060]
Obs 14: [20.700048 12.262523 21.522309 30.937127 52.189253 71.190360 85.742676 96.788003]
Obs 15: [16.283548 10.808538 20.621594 29.468789 51.332582 71.670988 83.731237 92.903338]
Obs 16: [5.381339 6.287035 15.625253 22.793800 46.077242 67.918644 80.544833 84.457803]
Obs 17: [1.525919 3.207809 9.609184 14.880742 31.349819 47.737622 59.364967 64.839671]
Obs 18: [2.348381 4.922028 14.810556 23.905864 44.977673 65.124778 74.290786 81.226866]
Obs 19: [2.918200 5.796498 15.748095 24.724768 47.827792 69.630803 79.319073 86.058633]
Obs 20: [2.475954 4.999189 13.902734 21.425003 42.209873 61.336324 72.649876 80.365108]
Obs 21: [1.775199 4.102413 11.599120 15.877364 31.513037 43.683571 56.844059 66.908494]
Obs 22: [1.625927 3.855454 14.765192 23.724359 45.933627 64.089100 77.900580 87.654422]
Obs 23: [1.796426 3.843559 14.457049 23.958559 46.627288 65.724769 79.150652 89.226932]
Obs 24: [1.656044 3.524340 12.254054 19.688781 39.428608 56.156974 69.873955 79.871065]
Obs 25: [1.493535 3.021503 8.881080 12.959951 25.923735 37.336860 49.241847 59.108063]

