<<<<<<<< HEAD:exps/A_feeding_strategy/performance_logs/physmop_fusion_mpjpe_log_back_to_front.txt
Averaged MPJPE (upper body) for each observation length and each selected timestep:
Obs 1: [5.035908 15.049715 34.101665 42.771387 57.651200 68.712323 76.069855 79.860961]
Obs 2: [3.992627 22.963396 69.800346 77.815269 89.489962 136.535808 159.151055 161.151489]
Obs 3: [0.154362 1.287730 20.237209 46.662285 127.739658 196.377524 199.396301 178.206038]
Obs 4: [0.106223 1.176839 25.073899 53.642937 122.222954 157.305182 137.036837 115.482791]
Obs 5: [0.147331 1.273037 14.050025 27.696778 58.285195 77.882118 83.853709 81.078063]
Obs 6: [0.242910 1.801058 12.674873 23.739220 56.215051 86.609682 90.586372 86.964175]
Obs 7: [0.201675 1.581776 14.787346 29.933671 74.543448 109.771866 108.229834 98.536954]
Obs 8: [0.190929 1.501266 13.871158 27.798320 66.588856 89.502803 82.426373 74.504521]
Obs 9: [0.232591 1.663667 9.729054 17.320046 41.141250 67.878304 71.155292 66.683412]
Obs 10: [0.199061 1.469011 8.802289 15.828290 37.730224 66.167381 72.106464 65.641233]
Obs 11: [0.202303 1.503911 9.326626 17.543657 46.056445 78.664385 81.132010 73.654824]
Obs 12: [0.132088 1.060848 8.912274 19.392592 58.258140 95.424607 95.579935 88.985702]
Obs 13: [0.108302 0.927645 6.392260 12.579224 34.987922 58.638585 64.032918 66.315412]
Obs 14: [0.236392 1.712360 10.037770 17.035370 33.471622 48.818657 56.836368 62.876171]
Obs 15: [0.210158 1.554472 9.565185 16.576626 33.639457 49.863964 57.989954 63.868301]
Obs 16: [0.106003 0.943235 7.119060 12.956405 27.431052 42.763454 54.570566 61.028830]
Obs 17: [0.081030 0.775055 5.438634 9.534986 19.547893 30.857456 41.836686 49.782800]
Obs 18: [0.081680 0.802128 6.449281 11.912702 28.002775 48.254994 58.225633 58.236133]
Obs 19: [0.082260 0.813616 6.879464 12.861556 29.922902 50.110691 60.048902 59.240234]
Obs 20: [0.081741 0.804910 6.470589 11.790901 26.205260 45.037567 56.666248 57.202591]
Obs 21: [0.081247 0.793088 6.080447 10.808347 21.415905 32.954326 44.733123 49.796473]
Obs 22: [0.081502 0.780579 6.034481 11.499405 28.752615 47.430883 56.846552 59.869296]
Obs 23: [0.081471 0.779399 5.970574 11.356028 28.502845 47.313002 56.530139 59.403102]
Obs 24: [0.080888 0.773614 5.601401 10.312333 24.407425 39.882079 49.446793 54.219765]
Obs 25: [0.080296 0.767681 5.114287 8.768099 17.316504 26.130245 36.627072 44.910531]

Averaged MPJPE (lower body) for each observation length and each selected timestep:
Obs 1: [10.925040 32.466878 71.886698 88.494944 113.294702 125.506540 125.399930 119.726452]
Obs 2: [9.683668 56.805457 177.479879 195.953119 185.705106 282.484668 345.749946 331.494750]
Obs 3: [0.262994 2.328288 39.668738 95.992479 275.173216 386.266168 380.582694 350.071315]
Obs 4: [0.204076 2.307936 49.074701 111.776183 274.736381 352.083979 284.429321 230.132583]
Obs 5: [0.259684 2.311510 27.013756 55.336031 124.671058 159.976003 143.421401 133.747959]
Obs 6: [0.519376 3.847771 25.616828 46.907267 106.032833 154.660345 149.391426 154.253096]
Obs 7: [0.421654 3.331610 29.393830 58.665437 143.955527 203.198418 176.586575 154.891683]
Obs 8: [0.350746 3.112764 31.700071 62.863035 141.556088 167.778654 144.292546 143.480403]
Obs 9: [0.500247 3.613545 21.197773 36.695614 86.017867 149.071897 163.233451 138.323092]
Obs 10: [0.415696 3.052128 17.877235 31.459599 73.824708 142.804566 152.207159 110.652789]
Obs 11: [0.412951 3.073008 18.784001 34.604974 89.981550 159.053818 157.122731 130.205260]
Obs 12: [0.227754 1.922623 17.727030 38.957525 118.405565 182.890900 165.073253 153.399956]
Obs 13: [0.184945 1.631823 12.967873 27.280411 82.467912 137.075894 135.232067 129.642679]
Obs 14: [0.423296 3.123243 18.387986 31.785672 67.168066 98.951107 101.913832 115.927188]
Obs 15: [0.359534 2.768102 17.564784 30.740838 63.665586 93.728455 100.085082 116.141615]
Obs 16: [0.179175 1.701225 12.909037 23.459803 51.233598 79.972803 94.288216 107.765692]
Obs 17: [0.138481 1.395356 9.947979 17.183129 34.808272 54.777611 69.622959 82.875646]
Obs 18: [0.141398 1.452220 12.378400 23.018926 54.176586 89.969010 95.842373 93.421833]
Obs 19: [0.143856 1.499612 13.111220 24.568322 56.987047 94.008739 101.092869 96.084252]
Obs 20: [0.142239 1.471024 12.371140 22.510109 48.539384 80.698671 92.218673 91.173712]
Obs 21: [0.140303 1.434900 11.411053 20.062100 37.427763 54.353729 70.020229 78.746981]
Obs 22: [0.142413 1.435461 10.784328 20.104359 49.895340 83.184801 92.061814 90.197979]
Obs 23: [0.143141 1.443308 10.729074 19.980848 50.368065 84.885745 93.585968 92.749738]
Obs 24: [0.141525 1.429206 10.191445 18.291711 42.890633 71.478663 81.544052 84.113984]
Obs 25: [0.139907 1.417828 9.940271 16.828015 31.688810 45.348385 56.588477 70.378943]
========
Averaged MPJPE (upper body) for each observation length and each selected timestep:
Obs 1: [5.035908 15.049715 34.101665 42.771387 57.651200 68.712323 76.069855 79.860961]
Obs 2: [3.992627 22.963396 69.800346 77.815269 89.489962 136.535808 159.151055 161.151489]
Obs 3: [0.154362 1.287730 20.237209 46.662285 127.739658 196.377524 199.396301 178.206038]
Obs 4: [0.106223 1.176839 25.073899 53.642937 122.222954 157.305182 137.036837 115.482791]
Obs 5: [0.147331 1.273037 14.050025 27.696778 58.285195 77.882118 83.853709 81.078063]
Obs 6: [0.242910 1.801058 12.674873 23.739220 56.215051 86.609682 90.586372 86.964175]
Obs 7: [0.201675 1.581776 14.787346 29.933671 74.543448 109.771866 108.229834 98.536954]
Obs 8: [0.190929 1.501266 13.871158 27.798320 66.588856 89.502803 82.426373 74.504521]
Obs 9: [0.232591 1.663667 9.729054 17.320046 41.141250 67.878304 71.155292 66.683412]
Obs 10: [0.199061 1.469011 8.802289 15.828290 37.730224 66.167381 72.106464 65.641233]
Obs 11: [0.202303 1.503911 9.326626 17.543657 46.056445 78.664385 81.132010 73.654824]
Obs 12: [0.132088 1.060848 8.912274 19.392592 58.258140 95.424607 95.579935 88.985702]
Obs 13: [0.108302 0.927645 6.392260 12.579224 34.987922 58.638585 64.032918 66.315412]
Obs 14: [0.236392 1.712360 10.037770 17.035370 33.471622 48.818657 56.836368 62.876171]
Obs 15: [0.210158 1.554472 9.565185 16.576626 33.639457 49.863964 57.989954 63.868301]
Obs 16: [0.106003 0.943235 7.119060 12.956405 27.431052 42.763454 54.570566 61.028830]
Obs 17: [0.081030 0.775055 5.438634 9.534986 19.547893 30.857456 41.836686 49.782800]
Obs 18: [0.081680 0.802128 6.449281 11.912702 28.002775 48.254994 58.225633 58.236133]
Obs 19: [0.082260 0.813616 6.879464 12.861556 29.922902 50.110691 60.048902 59.240234]
Obs 20: [0.081741 0.804910 6.470589 11.790901 26.205260 45.037567 56.666248 57.202591]
Obs 21: [0.081247 0.793088 6.080447 10.808347 21.415905 32.954326 44.733123 49.796473]
Obs 22: [0.081502 0.780579 6.034481 11.499405 28.752615 47.430883 56.846552 59.869296]
Obs 23: [0.081471 0.779399 5.970574 11.356028 28.502845 47.313002 56.530139 59.403102]
Obs 24: [0.080888 0.773614 5.601401 10.312333 24.407425 39.882079 49.446793 54.219765]
Obs 25: [0.080296 0.767681 5.114287 8.768099 17.316504 26.130245 36.627072 44.910531]

Averaged MPJPE (lower body) for each observation length and each selected timestep:
Obs 1: [10.925040 32.466878 71.886698 88.494944 113.294702 125.506540 125.399930 119.726452]
Obs 2: [9.683668 56.805457 177.479879 195.953119 185.705106 282.484668 345.749946 331.494750]
Obs 3: [0.262994 2.328288 39.668738 95.992479 275.173216 386.266168 380.582694 350.071315]
Obs 4: [0.204076 2.307936 49.074701 111.776183 274.736381 352.083979 284.429321 230.132583]
Obs 5: [0.259684 2.311510 27.013756 55.336031 124.671058 159.976003 143.421401 133.747959]
Obs 6: [0.519376 3.847771 25.616828 46.907267 106.032833 154.660345 149.391426 154.253096]
Obs 7: [0.421654 3.331610 29.393830 58.665437 143.955527 203.198418 176.586575 154.891683]
Obs 8: [0.350746 3.112764 31.700071 62.863035 141.556088 167.778654 144.292546 143.480403]
Obs 9: [0.500247 3.613545 21.197773 36.695614 86.017867 149.071897 163.233451 138.323092]
Obs 10: [0.415696 3.052128 17.877235 31.459599 73.824708 142.804566 152.207159 110.652789]
Obs 11: [0.412951 3.073008 18.784001 34.604974 89.981550 159.053818 157.122731 130.205260]
Obs 12: [0.227754 1.922623 17.727030 38.957525 118.405565 182.890900 165.073253 153.399956]
Obs 13: [0.184945 1.631823 12.967873 27.280411 82.467912 137.075894 135.232067 129.642679]
Obs 14: [0.423296 3.123243 18.387986 31.785672 67.168066 98.951107 101.913832 115.927188]
Obs 15: [0.359534 2.768102 17.564784 30.740838 63.665586 93.728455 100.085082 116.141615]
Obs 16: [0.179175 1.701225 12.909037 23.459803 51.233598 79.972803 94.288216 107.765692]
Obs 17: [0.138481 1.395356 9.947979 17.183129 34.808272 54.777611 69.622959 82.875646]
Obs 18: [0.141398 1.452220 12.378400 23.018926 54.176586 89.969010 95.842373 93.421833]
Obs 19: [0.143856 1.499612 13.111220 24.568322 56.987047 94.008739 101.092869 96.084252]
Obs 20: [0.142239 1.471024 12.371140 22.510109 48.539384 80.698671 92.218673 91.173712]
Obs 21: [0.140303 1.434900 11.411053 20.062100 37.427763 54.353729 70.020229 78.746981]
Obs 22: [0.142413 1.435461 10.784328 20.104359 49.895340 83.184801 92.061814 90.197979]
Obs 23: [0.143141 1.443308 10.729074 19.980848 50.368065 84.885745 93.585968 92.749738]
Obs 24: [0.141525 1.429206 10.191445 18.291711 42.890633 71.478663 81.544052 84.113984]
Obs 25: [0.139907 1.417828 9.940271 16.828015 31.688810 45.348385 56.588477 70.378943]

>>>>>>>> physmop_different_length:performance_logs/physmop_fusion_mpjpe_log.txt
