Averaged MPJPE (upper body) for each observation length and each selected timestep:
Obs 1: [4.747646 14.126913 31.742794 39.670436 53.174731 63.162139 69.949883 73.499354]
Obs 2: [3.833947 22.123764 68.137721 76.597542 86.912142 132.804254 156.347013 158.251937]
Obs 3: [0.153395 1.264647 19.465476 44.922008 124.237452 193.494886 196.953723 175.484314]
Obs 4: [0.102299 1.118653 24.058745 51.608126 117.395982 150.937006 130.890864 109.772046]
Obs 5: [0.144643 1.250509 13.451662 26.447784 56.022167 75.710632 81.154463 78.543824]
Obs 6: [0.230914 1.722685 12.406494 23.380494 55.394136 84.680886 88.674642 85.322909]
Obs 7: [0.187383 1.495305 14.414064 29.281686 73.078467 107.686191 106.404170 96.686886]
Obs 8: [0.176543 1.409625 13.368640 26.869198 64.132702 85.636865 79.285751 72.361858]
Obs 9: [0.216473 1.562012 9.355229 16.780587 40.010051 65.685115 69.206559 65.163290]
Obs 10: [0.186986 1.394326 8.504847 15.303807 36.654168 64.418134 70.720529 64.835445]
Obs 11: [0.190406 1.426982 9.047771 17.124310 44.938351 76.284921 79.100651 71.943654]
Obs 12: [0.132855 1.048636 8.732701 18.963827 57.023368 93.640807 94.047078 87.532389]
Obs 13: [0.108825 0.927981 6.359759 12.439451 34.488610 58.227157 63.848202 66.424820]
Obs 14: [0.234277 1.697573 9.841351 16.690829 33.319104 48.840003 56.554786 63.062623]
Obs 15: [0.208103 1.537027 9.374376 16.195828 33.196072 49.612771 57.660457 64.147225]
Obs 16: [0.111329 0.968028 7.145771 12.955893 27.523776 42.842250 54.287983 61.202519]
Obs 17: [0.085503 0.779576 5.428413 9.528279 19.574193 30.731494 41.765907 50.194579]
Obs 18: [0.082862 0.800787 6.417709 11.839567 27.696803 47.717404 57.696861 58.041741]
Obs 19: [0.082348 0.815321 6.868487 12.845350 29.786092 49.866921 59.839684 59.243307]
Obs 20: [0.081758 0.805231 6.467215 11.786253 26.052584 44.665666 56.441944 57.177678]
Obs 21: [0.080804 0.793098 6.082683 10.818737 21.408655 32.749244 44.791542 50.018358]
Obs 22: [0.086116 0.794327 6.067386 11.545095 28.928482 47.650780 57.126176 60.208221]
Obs 23: [0.079944 0.776823 5.988702 11.393217 28.621077 47.423784 56.637918 59.617835]
Obs 24: [0.081947 0.776736 5.616459 10.336881 24.469328 39.912716 49.431070 54.303892]
Obs 25: [0.080296 0.767681 5.114287 8.768099 17.316504 26.130245 36.627072 44.910531]

Averaged MPJPE (lower body) for each observation length and each selected timestep:
Obs 1: [10.867500 32.145434 70.299869 86.073076 109.517991 121.167618 121.428982 115.981918]
Obs 2: [9.652591 56.603898 176.889488 195.909327 185.168261 278.251911 345.666242 332.842147]
Obs 3: [0.267280 2.335696 38.610411 93.294412 269.609153 383.352288 380.119436 348.860437]
Obs 4: [0.205424 2.302546 49.805332 112.918354 273.830709 348.096326 278.265769 223.127445]
Obs 5: [0.271501 2.379722 26.980687 54.843598 122.227237 156.183138 140.115939 131.872749]
Obs 6: [0.487894 3.639459 24.635453 45.510542 104.241530 153.292472 150.597273 154.997169]
Obs 7: [0.386101 3.092343 28.271952 57.078137 142.169371 202.052127 176.118169 154.670462]
Obs 8: [0.343123 3.051983 31.274135 61.962355 139.722545 166.300474 142.961220 142.031621]
Obs 9: [0.476966 3.466519 20.675883 35.850256 84.252284 148.004776 164.262114 138.860420]
Obs 10: [0.403160 2.950141 17.304255 30.518560 72.454687 141.772448 152.997761 111.376112]
Obs 11: [0.407784 3.030134 18.442477 33.836876 88.020454 155.875768 155.372891 129.176826]
Obs 12: [0.236666 1.931198 17.347054 38.045359 115.834816 179.127534 163.630694 152.501326]
Obs 13: [0.185302 1.632258 12.996987 27.268826 82.406798 136.723896 135.266256 129.681903]
Obs 14: [0.431806 3.161451 18.176400 31.241215 67.975159 100.484659 102.227228 116.656714]
Obs 15: [0.358245 2.730972 17.196609 30.077855 63.512775 94.950444 100.153946 116.680886]
Obs 16: [0.194630 1.773091 13.087129 23.675085 51.605770 80.194563 94.220199 108.299834]
Obs 17: [0.141123 1.384172 9.835810 16.994930 34.387860 53.877580 68.772438 81.698954]
Obs 18: [0.141009 1.436889 12.224741 22.682027 53.219350 89.024540 94.576451 91.889177]
Obs 19: [0.146572 1.504458 13.076663 24.405536 56.338038 93.519871 100.713566 95.089752]
Obs 20: [0.142582 1.468541 12.300866 22.371028 48.045267 80.241152 91.935693 90.040253]
Obs 21: [0.139886 1.421227 11.309178 19.930897 37.217244 53.932917 69.870238 78.230043]
Obs 22: [0.149381 1.442592 10.748234 20.073708 50.026350 82.983885 91.740226 89.756828]
Obs 23: [0.142979 1.434778 10.694971 19.963833 50.430496 84.796717 93.458393 92.527058]
Obs 24: [0.143320 1.429001 10.168384 18.255020 42.832701 71.338194 81.598383 84.045063]
Obs 25: [0.139907 1.417828 9.940271 16.828015 31.688810 45.348385 56.588477 70.378943]
