Averaged MPJPE (upper body) for each observation length and each selected timestep:
Obs 1: [4.747647 14.126935 31.743221 39.671821 53.187757 63.222846 70.124177 73.806228]
Obs 2: [3.793003 22.213722 92.641444 133.443906 206.196082 259.335109 294.698962 316.069110]
Obs 3: [0.093289 0.945804 7.842727 15.011327 37.527003 67.895771 99.976473 122.164587]
Obs 4: [0.095686 0.982756 8.315960 16.056034 40.644555 73.589504 107.439715 129.670772]
Obs 5: [0.085391 0.866194 7.165634 13.685445 34.061623 61.230384 89.309234 108.475497]
Obs 6: [0.086107 0.872106 7.164041 13.654988 34.003191 61.641785 91.095812 111.768599]
Obs 7: [0.085737 0.865135 7.129435 13.623545 34.150855 62.375513 92.718533 114.012733]
Obs 8: [0.080748 0.811712 6.642389 12.665098 31.713994 58.091186 86.638849 106.567439]
Obs 9: [0.080362 0.804064 6.584209 12.552218 31.424820 57.573876 86.073144 106.475726]
Obs 10: [0.080798 0.816562 6.676579 12.724997 31.914052 58.526634 87.542230 108.164789]
Obs 11: [0.080597 0.811925 6.679706 12.753179 31.964466 58.306025 86.615814 106.528952]
Obs 12: [0.078792 0.796472 6.513014 12.423335 31.111348 56.746184 84.184456 103.323935]
Obs 13: [0.078335 0.790443 6.426660 12.223620 30.464283 55.421204 82.422455 101.548066]
Obs 14: [0.082665 0.833453 6.867225 13.117299 32.822211 59.811745 89.075340 109.613781]
Obs 15: [0.082278 0.832727 6.831826 13.029796 32.568342 59.326656 88.246981 108.446540]
Obs 16: [0.079788 0.804171 6.495263 12.312843 30.509928 55.272016 81.910127 100.463740]
Obs 17: [0.077988 0.775797 6.256054 11.840068 29.207768 52.782510 78.238763 96.150184]
Obs 18: [0.078266 0.781493 6.336470 12.019444 29.758855 53.916486 79.936342 98.051947]
Obs 19: [0.078337 0.788718 6.374875 12.074698 29.842522 54.018075 80.005061 98.129551]
Obs 20: [0.078510 0.782180 6.333517 12.004025 29.692551 53.773064 79.749501 97.948082]
Obs 21: [0.078409 0.787937 6.354134 12.024721 29.696581 53.745583 79.802053 98.193535]
Obs 22: [0.079040 0.795746 6.396967 12.087986 29.817682 53.979817 80.163164 98.583335]
Obs 23: [0.078665 0.784042 6.352924 12.042785 29.758247 53.870661 80.057828 98.426306]
Obs 24: [0.078083 0.784077 6.330837 11.977973 29.575412 53.615988 79.709603 98.030309]
Obs 25: [0.077562 0.771950 6.256768 11.859374 29.341154 53.215465 79.041205 97.166251]

Averaged MPJPE (lower body) for each observation length and each selected timestep:
Obs 1: [10.867499 32.145462 70.303246 86.083805 109.610678 121.455262 122.015660 116.925839]
Obs 2: [9.628727 57.199186 233.240439 319.675043 416.353098 464.969675 491.089886 497.894124]
Obs 3: [0.202228 2.048141 16.975549 32.172309 78.102632 135.839109 190.358562 222.861012]
Obs 4: [0.186124 1.903740 16.241644 31.318851 78.551370 139.634399 198.359539 233.107720]
Obs 5: [0.153729 1.588920 13.608585 26.156955 65.191347 115.755027 164.455373 193.462136]
Obs 6: [0.157426 1.630087 14.011857 26.999115 67.583909 120.880703 174.160782 207.860637]
Obs 7: [0.157132 1.625100 13.962788 26.925492 67.670749 121.717382 176.041773 209.720029]
Obs 8: [0.156443 1.600443 13.444081 25.700218 63.944508 114.794131 166.567956 198.894876]
Obs 9: [0.151843 1.561673 13.307226 25.499365 63.410960 113.512719 164.411414 197.071927]
Obs 10: [0.149107 1.551893 13.280316 25.520212 63.873495 115.130559 167.748407 201.535832]
Obs 11: [0.151456 1.566028 13.278571 25.390200 62.893347 112.126704 161.600790 193.049496]
Obs 12: [0.143858 1.471844 12.469117 23.965366 60.257159 108.846774 157.437805 186.740403]
Obs 13: [0.138134 1.419212 12.035024 23.117583 58.074415 105.217957 153.699676 184.625817]
Obs 14: [0.148488 1.526195 13.080213 25.180859 63.250238 114.530666 167.225024 200.889806]
Obs 15: [0.145718 1.496313 12.794988 24.629598 61.980053 112.362511 164.273548 197.560052]
Obs 16: [0.139668 1.436150 12.116224 23.113542 57.178833 102.399195 148.458370 178.333152]
Obs 17: [0.133593 1.365074 11.496440 21.874620 53.748519 95.834265 139.457554 169.095787]
Obs 18: [0.136083 1.387148 11.603946 22.073433 54.413919 97.610499 142.992263 173.260783]
Obs 19: [0.139492 1.424354 11.775652 22.319477 54.819951 98.264362 144.167157 174.672760]
Obs 20: [0.137938 1.403904 11.673551 22.166976 54.587231 98.005457 143.450288 173.712209]
Obs 21: [0.135761 1.398778 11.786872 22.463499 55.468502 99.253973 144.162747 173.922192]
Obs 22: [0.138905 1.439012 12.111990 23.069551 56.930758 101.715961 147.546191 177.539651]
Obs 23: [0.139275 1.431158 12.137501 23.179583 57.295246 102.227511 148.311736 178.523489]
Obs 24: [0.137913 1.431434 12.140473 23.151560 57.119284 101.845399 147.742960 177.873911]
Obs 25: [0.135757 1.409975 12.053049 23.029539 56.861813 101.177556 146.182936 175.340765]
